{
 "cells": [
  {
   "cell_type": "code",
   "execution_count": 1,
   "metadata": {},
   "outputs": [
    {
     "name": "stderr",
     "output_type": "stream",
     "text": [
      "c:\\Users\\user\\Documents\\Programming\\Projects\\University\\Master\\milp-electre\\venv\\lib\\site-packages\\mcda\\core\\relations.py:9: DeprecationWarning: \n",
      "Pyarrow will become a required dependency of pandas in the next major release of pandas (pandas 3.0),\n",
      "(to allow more performant data types, such as the Arrow string type, and better interoperability with other libraries)\n",
      "but was not found to be installed on your system.\n",
      "If this would cause problems for you,\n",
      "please provide us feedback at https://github.com/pandas-dev/pandas/issues/54466\n",
      "        \n",
      "  from pandas import DataFrame, Series\n"
     ]
    }
   ],
   "source": [
    "import numpy as np\n",
    "\n",
    "from mcdalp.core.relations import PositivePreference, NegativePreference, Indifference, Incomparible\n",
    "from mcdalp.core.credibility import StochasticCredibilityMatrix\n",
    "from mcdalp.core.score import Score\n",
    "from mcdalp.core.visualize.graph import Graph\n",
    "from mcdalp.outranking.stochastic import StochasticOutranking"
   ]
  },
  {
   "cell_type": "code",
   "execution_count": 2,
   "metadata": {},
   "outputs": [
    {
     "data": {
      "image/svg+xml": [
       "<?xml version=\"1.0\" encoding=\"UTF-8\" standalone=\"no\"?>\n",
       "<!DOCTYPE svg PUBLIC \"-//W3C//DTD SVG 1.1//EN\"\n",
       " \"http://www.w3.org/Graphics/SVG/1.1/DTD/svg11.dtd\">\n",
       "<!-- Generated by graphviz version 10.0.1 (20240210.2158)\n",
       " -->\n",
       "<!-- Pages: 1 -->\n",
       "<svg width=\"93pt\" height=\"260pt\"\n",
       " viewBox=\"0.00 0.00 93.16 260.00\" xmlns=\"http://www.w3.org/2000/svg\" xmlns:xlink=\"http://www.w3.org/1999/xlink\">\n",
       "<g id=\"graph0\" class=\"graph\" transform=\"scale(1 1) rotate(0) translate(4 256)\">\n",
       "<polygon fill=\"white\" stroke=\"none\" points=\"-4,4 -4,-256 89.16,-256 89.16,4 -4,4\"/>\n",
       "<!-- S2 -->\n",
       "<g id=\"node1\" class=\"node\">\n",
       "<title>S2</title>\n",
       "<ellipse fill=\"none\" stroke=\"black\" cx=\"42.58\" cy=\"-18\" rx=\"27\" ry=\"18\"/>\n",
       "<text text-anchor=\"middle\" x=\"42.58\" y=\"-12.57\" font-family=\"Times New Roman,serif\" font-size=\"14.00\">S2</text>\n",
       "</g>\n",
       "<!-- S4&amp;S24 -->\n",
       "<g id=\"node2\" class=\"node\">\n",
       "<title>S4&amp;S24</title>\n",
       "<ellipse fill=\"none\" stroke=\"black\" cx=\"42.58\" cy=\"-162\" rx=\"42.58\" ry=\"18\"/>\n",
       "<text text-anchor=\"middle\" x=\"42.58\" y=\"-156.57\" font-family=\"Times New Roman,serif\" font-size=\"14.00\">S4&amp;S24</text>\n",
       "</g>\n",
       "<!-- S9&amp;S13 -->\n",
       "<g id=\"node3\" class=\"node\">\n",
       "<title>S9&amp;S13</title>\n",
       "<ellipse fill=\"none\" stroke=\"black\" cx=\"42.58\" cy=\"-90\" rx=\"42.58\" ry=\"18\"/>\n",
       "<text text-anchor=\"middle\" x=\"42.58\" y=\"-84.58\" font-family=\"Times New Roman,serif\" font-size=\"14.00\">S9&amp;S13</text>\n",
       "</g>\n",
       "<!-- S4&amp;S24&#45;&gt;S9&amp;S13 -->\n",
       "<g id=\"edge1\" class=\"edge\">\n",
       "<title>S4&amp;S24&#45;&gt;S9&amp;S13</title>\n",
       "<path fill=\"none\" stroke=\"black\" d=\"M42.58,-143.7C42.58,-136.41 42.58,-127.73 42.58,-119.54\"/>\n",
       "<polygon fill=\"black\" stroke=\"black\" points=\"46.08,-119.62 42.58,-109.62 39.08,-119.62 46.08,-119.62\"/>\n",
       "</g>\n",
       "<!-- S9&amp;S13&#45;&gt;S2 -->\n",
       "<g id=\"edge2\" class=\"edge\">\n",
       "<title>S9&amp;S13&#45;&gt;S2</title>\n",
       "<path fill=\"none\" stroke=\"black\" d=\"M42.58,-71.7C42.58,-64.41 42.58,-55.73 42.58,-47.54\"/>\n",
       "<polygon fill=\"black\" stroke=\"black\" points=\"46.08,-47.62 42.58,-37.62 39.08,-47.62 46.08,-47.62\"/>\n",
       "</g>\n",
       "<!-- S14 -->\n",
       "<g id=\"node4\" class=\"node\">\n",
       "<title>S14</title>\n",
       "<ellipse fill=\"none\" stroke=\"black\" cx=\"42.58\" cy=\"-234\" rx=\"27\" ry=\"18\"/>\n",
       "<text text-anchor=\"middle\" x=\"42.58\" y=\"-228.57\" font-family=\"Times New Roman,serif\" font-size=\"14.00\">S14</text>\n",
       "</g>\n",
       "<!-- S14&#45;&gt;S4&amp;S24 -->\n",
       "<g id=\"edge3\" class=\"edge\">\n",
       "<title>S14&#45;&gt;S4&amp;S24</title>\n",
       "<path fill=\"none\" stroke=\"black\" d=\"M42.58,-215.7C42.58,-208.41 42.58,-199.73 42.58,-191.54\"/>\n",
       "<polygon fill=\"black\" stroke=\"black\" points=\"46.08,-191.62 42.58,-181.62 39.08,-191.62 46.08,-191.62\"/>\n",
       "</g>\n",
       "</g>\n",
       "</svg>\n"
      ],
      "text/plain": [
       "<graphviz.graphs.Digraph at 0x20abe941fc0>"
      ]
     },
     "execution_count": 2,
     "metadata": {},
     "output_type": "execute_result"
    }
   ],
   "source": [
    "pp = np.array([[0.000,0.000,0.001,0.006,0.000,0.005],[0.872,0.000,0.605,0.704,0.091,0.270],[0.733,0.050,0.000,0.238,0.015,0.068],[0.709,0.077,0.058,0.000,0.000,0.059],[1.000,0.826,0.922,0.928,0.000,0.819],[0.735,0.106,0.544,0.620,0.093,0.000]])\n",
    "pn = np.array([[0.000,0.872,0.733,0.709,1.000,0.735],[0.000,0.000,0.050,0.077,0.826,0.106],[0.001,0.605,0.000,0.058,0.922,0.544],[0.006,0.704,0.238,0.000,0.928,0.620],[0.000,0.091,0.015,0.000,0.000,0.093],[0.005,0.270,0.068,0.059,0.819,0.000]])\n",
    "i = np.array([[1.000,0.128,0.266,0.285,0.000,0.260],[0.128,1.000,0.301,0.219,0.083,0.375],[0.266,0.301,1.000,0.704,0.064,0.361],[0.285,0.219,0.704,1.000,0.072,0.321],[0.000,0.083,0.064,0.072,1.000,0.088],[0.260,0.375,0.361,0.321,0.088,1.000]])\n",
    "r = np.array([[0.000,0.000,0.000,0.000,0.000,0.000],[0.000,0.000,0.044,0.000,0.000,0.249],[0.000,0.044,0.000,0.000,0.000,0.027],[0.000,0.000,0.000,0.000,0.000,0.001],[0.000,0.000,0.000,0.000,0.000,0.000],[0.000,0.249,0.027,0.001,0.000,0.000]])\n",
    "\n",
    "# simple1 = np.array([[1,0.7,1],[0.3,1,0.5],[0,0.5,1]], dtype=np.float32)\n",
    "l_simple1 = [\"S2\", \"S4\", \"S9\", \"S13\", \"S14\", \"S24\"]\n",
    "c_simple1 = StochasticCredibilityMatrix({PositivePreference: pp, NegativePreference: pn, Indifference: i, Incomparible: r})\n",
    "s_simple1 = Score()\n",
    "\n",
    "r_simple1 = StochasticOutranking(c_simple1, s_simple1)\n",
    "r_simple1.solve_partial()\n",
    "\n",
    "o_simple1 = r_simple1.get_outranking(\"outranking\")\n",
    "\n",
    "g_simple1 = Graph(o_simple1, l_simple1)\n",
    "g_simple1.G"
   ]
  },
  {
   "cell_type": "code",
   "execution_count": null,
   "metadata": {},
   "outputs": [],
   "source": []
  }
 ],
 "metadata": {
  "kernelspec": {
   "display_name": "venv",
   "language": "python",
   "name": "python3"
  },
  "language_info": {
   "codemirror_mode": {
    "name": "ipython",
    "version": 3
   },
   "file_extension": ".py",
   "mimetype": "text/x-python",
   "name": "python",
   "nbconvert_exporter": "python",
   "pygments_lexer": "ipython3",
   "version": "3.10.11"
  }
 },
 "nbformat": 4,
 "nbformat_minor": 2
}
